28467,7059
31999,4855
14464,11165
28882,8466
19679,27267
3659,13550
10960,26246
4728,14913
8669,1432
7167,19089
15623,25054
26413,6364
28245,18869
14886,28357
8106,3422
25873,6452
26666,28925
4596,24025
28330,6178
32373,23026
25701,19119
28249,27072
5643,27581
6981,10881
7184,5591
5903,12280
2035,99
8228,26520
22274,26016
4241,17092
11799,8039
21462,22000
13268,23955
9068,25149
21175,16372
21329,12389
2906,29796
9604,7060
27471,27076
6170,31980
4720,19858
1953,1869
28616,30337
26746,29262
12657,15295
11564,18665
27741,9549
14464,9768
17256,7595
25950,12509
21625,6833
7773,11558
26436,29582
17138,19872
30769,14106
23905,22447
28893,3689
27497,31038
9506,9785
2956,28821
4439,11669
18715,11476
14951,4126
30607,28492
16259,25
7233,7662
14765,20860
17623,15334
8002,23708
14528,15
10906,16125
31033,27019
18173,15688
31213,28651
32334,31606
18411,22009
617,4065
18729,32451
21137,1358
6318,8083
14873,31297
31370,12622
21483,11948
26222,27486
17645,31839
25300,957
9903,27864
11119,20736
2503,15647
1923,32535
28162,2979
8286,7989
9081,10446
9762,19750
16494,5806
14561,546
12133,21328
18602,24423
8029,14676
25111,8896
16300,25672
28541,16343
3815,1721
2894,1146
4388,31140
12706,8591
30355,1302
4896,19417
17268,17488
8359,20725
17800,14586
29372,15646
7127,30042
4345,32728
27259,27970
25580,29571
15805,203
18008,24486
26086,3359
5025,28999
13712,10524
19026,1430
3976,28838
17070,22206
10326,20085
14879,28858
7519,31664
3935,20264
5001,20770
20879,14431
8461,10626
28039,27438
25380,5900
27373,16382
23769,32136
7310,30818
14655,6280
22075,26552
2333,2966
19810,10249
6608,31347
12507,15299
10651,8215
26520,23054
10699,31052
3646,20851
31983,29682
26688,28261
28538,1329
12791,30661
25287,14470
10328,24201
11478,26009
24579,2725
1613,20387
5081,23666
3413,3037
7873,19377
1677,24352
25757,18207
32644,23666
1403,7571
18394,4923
24718,24904
3191,9596
11478,17498
17598,18512
9370,6836
25412,16371
9819,31528
17099,22656
22920,10721
15597,12380
11980,31417
18705,6529
10973,15096
16879,32150
20705,13055
22671,19239
19083,6890
18837,9881
15446,24070
4663,11427
24274,31060
15108,24920
11366,4763
14804,24599
23071,29617
5936,1014
20459,27138
28933,16473
22463,26371
17169,21059
28407,24106
27848,24723
8341,17407
21103,9266
1110,1815
7753,28631
12778,8071
8758,14358
1305,26028
22240,20683
25684,4652
19609,6307
16904,22864
16107,4920
25304,3447
7428,6045
3979,8965
28718,8197
20981,2678
29126,18054
17145,4120
21881,7580
12878,21674
15664,23338
20160,27568
18983,2008
18667,29416
6914,16482
12673,25064
3518,820
31124,6722
8799,23486
17359,30987
1342,19037
30524,10313
10486,19716
26151,16403
24516,5545
11789,1376
13573,8223
5176,3182
11682,12767
27313,22305
24658,30782
23291,24700
6496,16866
10267,16844
2873,32690
13653,4697
21484,28865
26934,3261
27954,16227
20768,12267
9573,10389
9532,23949
29386,30721
21055,21073
2045,4298
2340,20992
19404,6507
31020,1178
22189,13837
27136,18764
25839,15219
10042,31760
13137,13830
26557,21269
26096,13737
8032,8878
1546,7197
17,1670
161,807
6052,22216
16935,20493
15211,6130
19025,18415
24894,29691
11705,1665
22641,9801
13236,8608
16052,23411
5206,22517
14636,12812
25181,7298
15763,12828
3834,2639
1138,6605
1695,158
13785,3063
14237,22154
12232,13319
31376,13214
29988,21856
24817,6709
22109,18080
32065,23125
8199,27492
9103,21116
31016,20333
22798,31920
15483,24616
9526,8936
142,14309
28547,23261
13540,4528
30940,25187
32547,3969
6119,5931
24514,806
2942,17014
9538,18850
19527,28476
2311,31771
30546,29011
20562,2899
18815,1413
2447,19282
15116,11749
15639,2993
19472,29436
8150,26848
497,10689
28141,173
6899,28286
19367,27171
21405,16099
31767,5886
11973,13648
21205,30841
2444,9165
1791,8472
23231,2951
4729,28258
3160,15659
32625,6268
14941,27043
29142,24291
15604,28621
10619,26513
9053,2869
26167,26129
13248,22378
13427,14773
14949,25103
3664,22583
18911,5259
27628,6053
890,6776
23345,19611
4264,21747
16534,32372
12928,20167
12436,31844
21266,28613
16613,19454
23441,20354
5237,22280
30973,26863
151,27384
31899,18722
6098,9278
14053,12167
28803,21248
22814,3644
23116,28558
6842,31711
17277,28354
18151,7239
13802,13063
23085,30536
23602,11255
2191,6851
18855,13990
5396,30780
30816,11723
6907,4049
16429,4665
14387,21780
19403,12678
5330,6815
2358,4328
18707,18858
23880,20781
10034,31745
23886,197
11038,4683
19311,16928
28385,7661
27483,24551
26297,9284
14288,1848
13146,32741
19046,10882
32363,26665
718,18416
7045,27979
6082,3439
11779,26602
4272,28176
6543,19801
20487,22799
6348,18166
25958,15468
8328,7146
18208,16188
14625,27216
19332,9405
15965,3973
10095,3404
9957,25130
1677,24570
19437,26875
27814,18821
5182,7175
19542,18094
7973,24143
19704,20100
24136,31995
25631,1373
27178,3668
19379,11884
1850,19409
12873,30581
19298,16297
10063,32023
12373,23969
14390,9316
22272,4270
16849,23722
19031,25565
7528,18684
24579,15454
30387,3025
8335,20449
4698,4988
22626,15350
17468,28468
579,17059
32208,9519
23328,23944
21654,32312
15362,22163
1998,4867
18537,905
21198,7939
18141,11033
12146,8979
32747,26755
13859,3792
19834,11223
29834,16988
31146,24047
14886,14688
4972,19175
9139,5583
2300,11718
31850,18201
26166,4728
18871,13723
1843,815
10227,29257
27892,13242
14908,29888
17921,4148
32262,27306
7580,5976
23478,20565
17035,25669
6937,16863
14878,11298
14500,13208
31772,14659
11805,11398
24033,32034
1034,25773
28129,4824
16987,16434
22087,29103
19906,11824
10963,13873
1943,6357
29346,7366
22184,32065
26590,19294
18943,18297
12954,17139
9417,16902
20551,1406
20686,21126
9059,4676
26552,5905
9187,14126
27868,3818
27496,21828
12240,8017
19269,19980
21437,27617
16467,25506
27207,13626
4387,13469
29753,1083
3201,8061
32297,993
1066,9639
5760,26389
22201,19953
24237,24804
24752,1299
22832,4154
4402,13107
12900,1829
22482,23684
1608,32717
5371,2714
10375,4538
30301,8523
2811,1883
15408,18094
26634,7788
634,21154
26514,22559
32735,23935
25297,15067
9589,27076
4774,28974
20601,23420
22110,1416
24982,6105
23809,13923
19692,25036
18925,11765
26262,19778
23074,12752
6941,11227
32712,19369
8884,29893
23090,24657
4912,31718
26952,10645
4994,798
30652,9445
21364,6733
24733,1590
2706,12939
6899,28698
31859,2849
23069,21242
27423,25569
9863,1502
22892,7505
25451,21004
20056,5616
30709,20550
16885,370
16775,12381
20951,22176
21870,20168
21754,17330
10616,12596
4500,22764
4212,27837
2426,22315
28728,10915
31504,1570
18201,24824
2298,146
7207,4943
21278,7265
24626,14801
838,11652
27692,25139
9171,10707
31838,14709
29923,2268
31977,21323
9021,9007
13150,5080
32124,12260
24674,28736
17019,15466
9499,27584
22634,19242
25995,17239
11926,13168
13597,13553
5492,12154
18235,7894
6669,32050
9536,11460
11690,4680
31578,439
18059,8618
18325,13857
28934,7203
23062,12676
28955,29754
25671,4967
4937,19935
18233,17222
21289,21353
21920,13901
15961,8680
23873,10548
20330,5672
29584,6234
32509,27078
3478,10916
8829,23513
13202,30590
4088,4693
21654,28566
11777,1987
15591,2720
21849,30835
27123,3876
11924,9465
9652,824
2415,305
4969,32079
5678,18249
22268,4449
20809,23920
14066,5925
11696,14350
25968,16377
5950,3994
2281,14073
18982,21901
23430,24003
22319,30273
17721,29162
23077,31096
22708,15838
31771,3327
27425,29631
14508,17241
14551,30540
16563,23538
12256,30416
6028,11812
29507,30955
13524,106
28972,14411
6682,30706
28758,22599
24680,10489
4009,23653
12134,30391
12327,11424
28114,16632
7271,30223
30614,15631
25799,7510
10808,976
30666,15600
26153,23326
14976,30740
8675,27166
2314,6720
445,25033
31848,28038
11377,22754
12266,1188
26890,17383
20429,19816
9368,18542
27527,4774
9228,28000
27583,365
29425,2358
584,3906
24176,14314
7619,16453
3846,9964
9125,26889
413,3615
13846,3716
22738,7074
31727,13402
13593,17674
24942,17025
30808,6829
9683,27115
4140,26380
31831,27273
5562,3088
9543,12372
535,29841
11035,19877
15023,22303
30410,31443
23348,26115
9859,1320
11508,27249
30425,27519
223,23141
25569,27766
27936,9927
31132,17108
10769,26608
26695,18314
31375,31715
19646,3229
16684,29363
6362,16607
13540,4127
7180,63
21773,28612
24071,19767
121,19826
7540,23658
30273,30980
17207,8357
20298,9566
29237,7316
2826,4601
15128,28955
28574,6011
11294,17218
24511,15347
30545,5129
5603,11235
25581,3084
16399,18303
6047,28860
6598,15085
30952,8207
23624,6703
22435,17688
31627,13854
17274,15789
28907,12430
24729,6542
23824,31102
5309,15611
8947,10284
12522,11293
30206,20743
29382,20428
13691,16575
30564,32167
8,14466
6351,5177
541,24844
4091,24831
16774,32208
16570,11253
3246,8068
13804,24629
5508,14626
13212,31027
13672,2
20791,3729
8662,15646
17247,21659
27192,8201
29249,13795
8366,8581
28741,28090
10110,31331
11487,12685
28062,29950
10336,3506
30443,25298
31224,9989
23501,18437
24673,9056
18762,27223
12979,11454
6576,15645
2381,22233
29508,7190
14463,26047
5668,27262
13862,18988
15077,14021
31175,10191
25963,8297
4193,28133
2969,2005
4125,15212
30119,653
4936,8815
18081,14954
24424,24024
23684,12501
6472,8374
23128,4516
21262,6286
23522,28833
2390,3423
9240,29388
23679,28041
6259,18035
22171,31529
30189,29696
26789,21775
1535,30491
23297,30454
18893,21739
26703,18022
10166,22281
17288,13602
27559,17477
21327,3455
23886,30404
6394,30638
29002,29533
32659,19248
23994,10919
25013,25628
3355,17346
8775,9557
19143,8120
4478,5744
24112,26199
5341,3278
20909,26899
966,23801
1880,30746
7012,28555
19733,20563
11649,8157
979,27565
271,22671
12442,9988
21195,16770
27482,5803
28313,16773
9070,20981
19950,27838
28016,1561
6494,9105
19904,21999
28031,19480
32200,13120
19374,19468
22789,31627
12036,1828
32628,16758
19411,18121
22949,8358
13663,4066
27203,4272
19678,9846
11636,28743
28018,10624
19329,18782
31056,13139
23797,4454
31601,26074
7173,12615
24207,12607
16168,9503
14865,974
8484,8081
15447,7449
9424,9249
6150,3415
239,28761
12612,11936
14919,18859
7751,26407
32097,6204
21867,2556
19384,29024
11146,12835
15762,31720
28520,25813
12891,7598
19926,16866
13389,23709
2335,4773
25960,17482
10805,22974
29396,3805
7336,11492
31947,7231
2642,11715
6303,14446
7062,19926
22915,23833
22121,10965
15105,30954
2647,11603
29715,20613
414,21595
21902,11736
3713,1955
13623,24710
9797,22600
485,7659
24296,649
5922,2496
30690,24888
22903,15958
17886,14857
20083,3898
27833,16959
27535,11700
12151,26593
3336,15181
5875,20933
2798,15640
5931,24714
20450,15137
8727,27837
11908,9526
12566,30203
984,2091
987,25575
1793,8987
6857,18717
19432,17219
16236,3812
25364,32638
20931,8484
26994,24503
12550,11085
30603,8545
12376,9973
27902,26120
16843,14010
5892,12273
12474,11058
10827,24567
29400,7837
31245,12584
5296,28118
8626,31535
3560,15063
20271,22369
22967,12219
29924,21578
3723,31243
11042,32244
30580,12432
3251,32670
14896,21820
31952,253
13008,7721
15296,25562
14032,26460
8199,272
31664,13433
12566,16611
21587,24161
1041,21288
14313,31348
1905,17727
26353,9794
31037,25689
15950,19098
1908,416
27119,3333
26583,32739
21855,2873
5699,10005
5021,24572
15169,28758
25542,9203
21193,19374
24860,4781
26591,908
31267,12899
18921,1448
2642,22407
90,20537
11125,22093
3532,569
17862,6612
26470,4792
18001,9810
7147,14569
7002,28732
19850,31347
25107,1637
31789,6236
6438,12693
22136,8193
20414,1081
26759,11522
31879,13921
16204,24274
20668,5088
11994,15321
26824,18635
11853,2266
25414,20346
12329,10312
20299,30059
2519,21121
26814,18689
16065,7174
31180,24878
21430,5782
10168,29791
19317,9037
16824,29168
30891,27485
28300,28272
6291,140
12505,21515
26975,5402
12623,23369
27036,9089
6899,1361
13646,25731
2595,17278
16928,32673
30809,27083
24753,8815
30730,5346
23300,9010
28458,29048
17435,7246
31560,1993
24194,27726
19353,1492
29743,32028
23328,19228
18002,21253
14229,18157
5982,31162
18503,2865
23261,8375
31691,1737
18186,2002
9277,23206
27709,23544
10148,11729
15516,21267
9599,28789
23171,3996
30412,30834
22370,15073
15927,19157
1707,8962
7958,9450
14111,8200
3695,24010
7530,14596
28968,10683
22573,16975
29429,23514
30880,7467
8730,8938
29648,12628
9370,7935
13597,8795
20168,28501
24967,9095
20800,3679
20809,22420
2122,21145
23341,9252
3283,11004
16444,30055
1667,10676
16808,11536
16474,1160
15227,12160
16847,9562
24380,2408
24884,18316
27739,28553
27214,53
21978,11335
5907,15252
13406,20669
24710,19179
11206,1884
21481,12026
17919,2385
31049,19632
27055,6715
24179,8461
3316,7848
18089,16183
3840,6056
14618,254
31371,28423
27207,31593
22725,5278
27293,14336
10032,5245
21831,26111
3324,7823
3234,9906
13674,5819
4994,23349
15399,31857
1007,24862
13789,25920
3679,7408
1493,5014
13893,14010
11505,24141
19044,6188
19833,25110
23065,19261
24637,26593
724,28917
3102,24441
12578,19560
2577,6421
21938,18006
22321,3709
26618,6827
30481,14908
1465,21807
10654,1938
12372,5930
2331,194
7518,9268
30312,19845
7753,2327
30521,1116
82,12097
4098,19691
4678,31994
21396,22785
246,16548
30818,8248
3756,4637
26630,15731
1708,11009
29963,618
15030,24012
13339,4874
18685,7561
24030,22039
20694,20365
25675,11188
31127,32766
22870,30463
10022,30259
23992,9036
9770,22289
16617,24563
1155,31210
4447,15483
31962,1937
27249,18963
702,24187
8384,26678
29636,9421
26285,5106
9585,15410
17566,15743
14011,19550
2528,30151
1425,16826
16908,16171
18808,9178
4184,15803
31918,15650
8945,15575
9568,1141
22546,13712
12795,7084
5675,315
38,6080
6905,32221
3386,7372
13372,4654
10927,7260
31711,3871
32457,26113
6638,2601
24416,17736
20858,28156
4644,8610
24808,17166
7832,18501
30184,31086
31145,30293
2598,8423
15479,28279
31385,29827
7829,28899
29559,17616
26088,12128
6467,17151
17094,3207
5933,26643
5265,27512
26037,4118
21807,7835
2105,271
7867,11826
32362,2227
17137,13751
17256,13050
4156,4240
32206,9789
12286,5895
31941,8340
5887,7525
95,12690
7098,913
23713,4738
20000,23979
9564,29335
16152,25187
7912,23283
14875,26585
30418,3154
2056,1143
16295,13951
32139,20966
10011,12762
13582,26125
15043,7496
7148,28765
7369,29434
8734,7259
26675,3624
5531,9315
8268,12381
30474,22113
9602,9662
10205,15842
2968,20688
13529,27588
18372,25539
26782,11254
29728,3319
24184,28887
25512,19984
10628,28680
30235,8451
27066,2858
13367,15164
2677,18427
1885,5911
5227,22418
22675,25746
25664,19352
6356,22137
27168,12026
25624,8427
28346,6586
11471,1725
7878,14008
7897,729
8371,28777
9895,30751
24720,12444
10216,5476
30701,10027
15633,30605
7377,10892
7751,8589
27634,14614
7147,6925
19607,9982
2620,9711
15358,27463
23867,2675
24248,23738
31167,16283
5461,18202
18765,2394
17063,11074
6383,5040
22389,3849
25424,20225
5880,15177
21402,25963
2907,19604
9879,20997
29235,8542
23840,7190
8105,23267
6745,32044
1891,4696
4259,453
27358,13263
289,28918
27364,24471
21946,24052
32452,20015
9121,28415
27471,26212
21065,2451
18868,3765
23895,13847
24296,11087
1042,23724
29958,14799
25419,9731
22857,5757
15831,13780
4410,15370
32583,11551
7474,30598
14201,8098
25953,5012
3549,151
26451,14385
22256,20215
2489,28028
7307,5543
12062,9289
30496,2251
26857,14270
15543,15661
7335,17954
11625,8163
19159,7385
7696,25963
32385,3276
20998,20258
697,7644
6297,2096
18146,17527
8444,12624
19768,20241
8869,16058
21608,21126
5552,11909
29738,4576
22557,5381
16886,21021
15099,24274
32198,7398
4487,27399
18558,6313
17522,16570
20358,11410
431,26024
21378,10289
25082,16219
11985,22561
7908,16802
17643,24482
20737,17423
26866,5044
13859,4137
8537,3947
28757,814
416,29975
5557,24357
14558,20593
28020,5139
16402,5131
11775,29788
4495,2343
11305,3357
12845,671
29108,9667
16926,29916
21893,19637
8056,22527
20202,10083
31987,24260
17533,8559
12424,24463
28231,9432
625,28761
6533,12862
19226,24012
17103,19573
27326,12455
20490,3854
1911,20974
4508,29307
7419,31281
30978,10157
29780,26328
17057,8334
10035,21524
17409,27064
28065,1259
15761,22258
21369,31909
1249,8254
29162,24791
524,13217
21043,14845
13296,7737
24811,5918
2581,12729
6279,27750
25026,21566
29970,15575
26458,8758
21343,15450
23110,493
17921,4498
13176,15695
27201,28734
12348,26098
16100,11261
4352,20036
30735,25609
19623,10641
15750,29331
28200,10708
29695,14040
25871,4938
31910,10448
8168,30856
20300,10200
1031,1260
31873,13410
26244,6871
19892,4712
13792,24692
4371,18017
25451,8755
31873,6369
14121,2148
12048,633
29375,4705
29576,15304
25665,7132
12982,1337
8311,9056
14709,20086
17785,15300
24542,12766
14366,28309
8592,17329
13895,12462
3400,11489
11632,19939
19719,24335
9837,24110
19383,14318
5707,14709
23939,29426
14315,31693
7122,9836
23241,6704
31370,6056
16352,10969
19823,26245
28494,11377
24974,31635
18217,29365
5364,30610
26966,17658
18204,17752
24238,11461
22627,3210
25397,32207
17729,21408
31623,10623
6404,30708
22410,31971
23747,12254
28465,10982
24,30419
27870,9180
295,26904
30598,19998
21588,8203
30775,10214
18907,8217
5765,5716
11463,4601
8599,6378
22011,28455
5123,8601
2824,30487
13247,24405
31952,1339
2126,31370
15537,14780
2081,29502
6741,25909
19224,12804
18139,4990
31718,32341
23691,31256
509,18733
30621,11194
7417,27789
18168,24977
14724,25502
14525,17104
8723,18988
14200,22944
17589,6102
8557,20701
9254,26872
18880,11344
30549,18994
27809,26800
11970,7341
29231,4465
27763,6539
11083,10013
15938,3054
21667,18623
7239,14513
13632,16688
22479,4895
31300,20174
1923,20412
6545,12548
10478,28484
9678,18574
1364,30832
16543,13680
4977,3792
5937,18771
5546,6065
11778,25345
6574,4160
14355,14631
2239,1180
23594,31591
32535,5288
18209,32603
1593,12177
10691,6066
27714,13110
24895,6145
2014,11514
12247,349
17019,27720
14041,5745
29863,8892
3314,13498
28765,17784
29848,29815
30169,18255
15764,24404
11081,27458
4120,23473
6964,14997
11057,16231
21880,26521
8850,22587
14381,16419
32532,11035
7549,14319
24012,20191
27474,11286
11871,8976
8587,21747
29056,19120
10997,4111
26392,3015
22821,26239
16797,27647
31828,5385
23094,23998
10370,16094
7064,23430
310,9086
25355,10957
12825,26019
21946,32763
2161,406
23136,29645
14549,26589
10472,13602
7343,29933
8669,21412
2848,10589
29096,10692
13312,10304
8941,15091
32540,17508
18022,572
27895,10894
10278,612
8854,23322
25441,8205
2183,12531
18629,15449
18304,32667
16487,1107
11274,6024
7012,31198
11868,21351
21706,15756
27598,23924
2193,6550
8500,1990
8892,8900
5683,6756
15858,1591
20382,16561
18080,28754
13806,20641
6787,23593
21704,18136
26154,9826
5051,2529
18561,22843
29891,24942
15646,21676
10440,4382
4524,25650
27727,23456
8374,10683
117,12760
9073,4001
14663,4549
27406,2140
1792,16952
4505,30659
28494,11267
6583,1807
11022,26419
369,23100
29855,14465
20893,20836
12801,1135
27018,3586
130,12735
7563,25710
7304,26386
28939,22189
19537,4060
4762,27167
22398,14923
16016,16068
3453,13938
19637,10022
25987,18865
13183,3417
27642,2785
2634,16607
7632,703
3110,17612
27472,30453
485,9031
23976,638
28713,14629
26416,17770
32208,2666
728,31343
17344,14598
28814,21110
26075,11421
18727,27922
27573,27795
25783,27584
25608,5324
9956,31140
13054,29180
1258,29052
21211,30773
13552,14155
24235,30980
11110,26626
11380,13972
26817,8181
18136,14841
16723,20491
23809,17687
10244,17660
21109,10373
22426,4078
2637,3336
20779,12652
32499,16399
23611,20386
21106,28938
4715,24342
30568,6029
19736,771
28911,10677
29903,2167
32024,2854
5181,2753
24686,5270
21508,9727
17235,16946
14090,7440
24313,2706
18734,14365
17487,20665
16234,10020
21902,15205
5305,20370
21587,14122
23658,31723
21630,23515
15167,29013
9410,28917
17183,27136
29296,25638
21752,4917
21435,20210
14757,13980
32568,25043
2704,20863
11658,28004
25627,23857
26669,5047
4540,8576
32506,29444
23533,20649
18643,16110
12325,29611
5495,27936
3496,20973
23548,22170
22070,13535
29988,13917
20005,5740
25688,4706
14419,9780
31336,5926
1807,6130
27999,19508
13512,29780
456,10112
31793,16089
23015,29684
24955,5602
31464,16502
9277,23578
31786,20088
23866,15360
20356,158
22393,29368
26735,11484
20974,10933
30014,4579
4602,25057
7785,12335
11948,29344
10204,1091
1212,6986
28092,2308
927,25332
17001,7019
12185,2025
29764,24735
6251,16273
31760,11884
4031,6215
1982,9633
7914,17245
12272,1403
3743,11792
24275,13144
6848,4310
4979,9646
1152,8047
26097,32656
1666,25781
19159,17180
1888,20526
6973,2591
11437,12886
29538,19690
30079,5204
20423,19476
21964,8044
14508,27071
9420,9306
18514,22496
2610,4862
2247,25943
22256,18982
21046,29654
1086,20456
20065,3046
31100,379
26744,18268
3946,6441
37,16527
18227,11891
18737,24999
28095,17031
32280,9839
3347,8120
17948,2165
4908,30771
7516,23342
19972,16753
12907,17564
3949,25029
27454,24149
20353,19677
26403,19282
18138,21722
1363,24307
25851,18064
23481,30110
6639,20207
26682,27743
31723,10817
22605,28694
26866,7279
29698,32186
28019,23583
10677,2153
32688,21701
31224,11384
22197,10565
6082,4209
12040,29315
14966,24900
24056,28812
8388,20410
2507,6918
19646,28213
2432,25014
8039,31314
18480,7463
10395,32683
28366,26808
13397,4687
21987,30719
25226,32633
8799,16830
23905,23617
22743,22048
9298,11987
24379,26937
23374,15439
10980,4115
3597,18094
3444,29851
12023,10181
19658,12325
699,31781
4396,12127
10755,32406
1292,2733
10283,31376
24968,18189
18682,19995
32531,398
22958,23142
7162,3114
16587,5537
14685,14925
28645,29983
3037,9692
14986,26350
16053,5613
13572,20861
7563,20085
2394,11734
27891,31476
30980,8104
30363,4643
4245,23620
19991,3161
26237,26144
5086,10330
30836,24144
9328,31683
5599,15444
29043,22355
18911,28297
1192,248
30273,31203
31556,20698
21137,26195
12672,4984
22890,4204
21119,17382
25043,4040
13842,1215
19241,12069
20630,23860
10608,18208
8943,16509
32119,23716
20073,29170
3632,12446
32126,7522
27303,17651
32073,30508
17333,26816
19801,22426
23817,9934
18790,29956
4805,25242
13066,32722
31727,18728
1969,6393
17972,16279
2150,6028
9144,25426
29285,32529
22649,16045
4219,10879
18847,4483
28985,9945
14730,17623
21868,31411
9920,10072
14498,20705
7732,3241
31990,15213
16227,6590
23015,30104
7224,27934
7508,5778
30745,25514
31144,9848
24749,21140
13934,4131
10240,15283
15231,22713
8183,12074
13224,32171
2429,16660
9586,13035
15531,17498
14112,14426
19241,10444
11065,31733
25400,15571
5455,15603
12197,12485
10914,13256
19927,7024
31657,18026
5980,26454
6907,32535
2733,1465
29463,16952
13488,27391
15716,10374
18678,13579
11676,3806
14538,30533
12202,3813
6050,23969
6723,31527
28134,25710
14341,30771
5963,3915
21747,30346
31310,17012
7153,18320
616,7759
4343,489
15716,7201
25882,26167
18381,3984
26992,24729
13812,26979
11798,29270
14011,25099
941,6451
13033,15251
30046,11495
16089,17601
4692,30580
2185,7989
9017,5612
29012,750
8061,32751
19305,30892
6147,3547
30316,27932
27582,24107
9634,25790
12052,27640
8201,21447
29817,32302
21831,18513
29486,5382
6966,15552
3098,11131
24529,16995
12741,18764
24984,30063
3877,27187
5077,13504
31578,10293
727,5017
21273,17588
19946,31334
24885,1000
12873,11759
28735,27065
20270,30316
26741,3663
15079,25606
4875,24258
13610,9220
22325,4287
12637,524
12873,12502
30864,26693
10748,11530
4615,13109
4301,23040
31263,24438
5393,19267
27417,301
30379,11002
22758,4479
19132,8895
29772,20224
20164,24430
21101,4110
11709,29358
16834,25803
30292,10994
14149,25067
